/*--------------------------------*- C++ -*----------------------------------*\
| =========                 |                                                 |
| \\      /  F ield         | OpenFOAM: The Open Source CFD Toolbox           |
|  \\    /   O peration     | Version:  2512                                  |
|   \\  /    A nd           | Website:  www.openfoam.com                      |
|    \\/     M anipulation  |                                                 |
\*---------------------------------------------------------------------------*/
FoamFile
{
    version     2.0;
    format      ascii;
    arch        "LSB;label=32;scalar=64";
    class       faceSet;
    location    "constant/polyMesh/sets";
    object      upperTriangularFace;
}
// * * * * * * * * * * * * * * * * * * * * * * * * * * * * * * * * * * * * * //


266
(
5122
10246
12295
4104
7176
10259
11286
11289
18461
20511
14374
9256
13352
1066
6186
8238
16435
2106
9279
3136
17475
15427
19525
5200
11344
12372
7254
18538
20589
1134
14451
13430
6264
8316
7299
10372
4234
19602
5268
12440
2200
16537
9372
8349
11422
15521
17585
3250
7348
1204
20666
13507
14537
6346
10450
18649
10461
5346
8422
12518
16615
9450
11500
11501
15599
2296
1276
17663
9471
19713
7426
4366
13585
14615
6424
3366
18727
11560
5416
20777
7469
12595
8500
16692
15676
1350
4422
17740
19791
6479
10578
8531
2394
13663
9568
7522
14692
6508
18804
11638
5494
20855
12665
1426
4500
16796
3484
19868
15772
10656
8608
10665
13740
9646
7600
6586
17851
14780
5566
2494
9665
11715
20932
12743
4558
7641
1504
18915
16874
15850
8686
6639
13820
11777
17929
14858
19979
8715
5644
6672
7698
12820
3604
4636
10786
2596
9766
1584
18993
21043
15927
16951
13898
11855
5718
18006
14935
4696
20057
8796
12892
6750
7776
10864
9844
10871
19070
21121
1666
9861
7815
2700
3726
6801
13975
16025
11932
17057
5796
4774
20134
12970
8874
15025
6838
7876
18117
8901
21199
1750
11996
4836
16103
14057
19181
9966
17135
5872
10996
2806
13047
15103
6916
3850
7954
18195
20245
8986
12074
1836
814
4914
16180
6965
7991
14135
19259
17212
10044
5950
13121
11074
11079
10059
15180
7006
18272
2914
20323
9064
874
4978
12151
8056
9089
14212
1924
19336
3976
6028
13199
16280
936
15272
17320
7084
20400
10168
12217
5056
8134
11208
18383
3024
14296
9178
6106
7131
13276
2014
16358
1000
8169
15350
17398
19447
)


// ************************************************************************* //
