# Force and moment coefficients
# dragDir     : (1.000000e+00 0.000000e+00 0.000000e+00)
# sideDir     : (0.000000e+00 0.000000e+00 -1.000000e+00)
# liftDir     : (0.000000e+00 1.000000e+00 0.000000e+00)
# rollAxis    : (1.000000e+00 0.000000e+00 0.000000e+00)
# pitchAxis   : (0.000000e+00 0.000000e+00 -1.000000e+00)
# yawAxis     : (0.000000e+00 1.000000e+00 0.000000e+00)
# magUInf     : 6.000000e+01
# lRef        : 3.500000e+01
# Aref        : 1.750000e+00
# CofR        : (0.000000e+00 0.000000e+00 0.000000e+00)
#
# Time        	Cd            	Cd(f)         	Cd(r)         	Cl            	Cl(f)         	Cl(r)         	CmPitch       	CmRoll        	CmYaw         	Cs            	Cs(f)         	Cs(r)         
1             	1.227495e+00	6.138832e-01	6.136114e-01	-1.902967e-01	-1.507992e-01	-3.949746e-02	-5.565088e-02	1.359262e-04	8.767818e-04	-1.165958e-16	8.767818e-04	-8.767818e-04
2             	8.512876e-01	4.257193e-01	4.255683e-01	-1.056831e-01	-8.193129e-02	-2.375185e-02	-2.908972e-02	7.548796e-05	6.080626e-04	-9.647825e-17	6.080626e-04	-6.080626e-04
3             	-9.582565e-02	-4.795980e-02	-4.786585e-02	6.576754e-02	4.526913e-02	2.049840e-02	1.238536e-02	-4.697681e-05	-6.844690e-05	-1.200642e-17	-6.844690e-05	6.844690e-05
4             	-6.196769e-01	-3.099567e-01	-3.097202e-01	1.655170e-01	1.058633e-01	5.965368e-02	2.310480e-02	-1.182264e-04	-4.426263e-04	5.044975e-17	-4.426263e-04	4.426263e-04
5             	-4.522268e-01	-2.262109e-01	-2.260159e-01	1.364976e-01	7.255189e-02	6.394570e-02	4.303099e-03	-9.749828e-05	-3.230191e-04	5.435852e-17	-3.230191e-04	3.230191e-04
6             	3.005461e-02	1.499990e-02	1.505471e-02	3.837145e-02	3.431129e-03	3.494032e-02	-1.575459e-02	-2.740818e-05	2.146758e-05	1.920141e-17	2.146758e-05	-2.146758e-05
7             	3.356776e-01	1.678644e-01	1.678132e-01	-3.583110e-02	-3.685863e-02	1.027533e-03	-1.894308e-02	2.559364e-05	2.397697e-04	-1.534870e-17	2.397697e-04	-2.397697e-04
8             	3.063624e-01	1.532070e-01	1.531554e-01	-3.612835e-02	-2.909423e-02	-7.034121e-03	-1.103005e-02	2.580596e-05	2.188303e-04	-2.408221e-17	2.188303e-04	-2.188303e-04
9             	7.537708e-02	3.768392e-02	3.769316e-02	6.462106e-03	9.787475e-05	6.364232e-03	-3.133178e-03	-4.615790e-06	5.384077e-05	-9.267432e-18	5.384077e-05	-5.384077e-05
10            	-1.173563e-01	-5.871622e-02	-5.864006e-02	5.331470e-02	2.547919e-02	2.783551e-02	-1.178156e-03	-3.808193e-05	-8.382592e-05	1.623248e-17	-8.382592e-05	8.382592e-05
11            	-1.562961e-01	-7.819230e-02	-7.810380e-02	6.194641e-02	2.890644e-02	3.303996e-02	-2.066760e-03	-4.424743e-05	-1.116401e-04	3.516177e-17	-1.116401e-04	1.116401e-04
12            	-6.601719e-02	-3.303436e-02	-3.298283e-02	3.606757e-02	1.448335e-02	2.158422e-02	-3.550434e-03	-2.576255e-05	-4.715514e-05	3.748275e-17	-4.715514e-05	4.715514e-05
13            	4.833004e-02	2.416137e-02	2.416868e-02	5.117627e-03	-2.281137e-03	7.398764e-03	-4.839951e-03	-3.655448e-06	3.452146e-05	2.562105e-17	3.452146e-05	-3.452146e-05
14            	1.070406e-01	5.352409e-02	5.351654e-02	-5.283026e-03	-8.565477e-03	3.282450e-03	-5.923964e-03	3.773590e-06	7.645759e-05	1.194779e-17	7.645759e-05	-7.645759e-05
15            	8.730893e-02	4.365801e-02	4.365092e-02	-4.966701e-03	-7.690721e-03	2.724019e-03	-5.207370e-03	3.547644e-06	6.236352e-05	6.061402e-18	6.236352e-05	-6.236352e-05
16            	2.060300e-02	1.029652e-02	1.030648e-02	6.966220e-03	7.022999e-04	6.263920e-03	-2.780810e-03	-4.975871e-06	1.471643e-05	1.284485e-17	1.471643e-05	-1.471643e-05
17            	-3.400297e-02	-1.701462e-02	-1.698835e-02	1.839199e-02	8.747970e-03	9.644019e-03	-4.480242e-04	-1.313713e-05	-2.428783e-05	2.600062e-17	-2.428783e-05	2.428783e-05
18            	-4.358274e-02	-2.180933e-02	-2.177341e-02	2.514073e-02	1.238126e-02	1.275947e-02	-1.891053e-04	-1.795767e-05	-3.113053e-05	3.638458e-17	-3.113053e-05	3.113053e-05
19            	-1.200066e-02	-6.016439e-03	-5.984220e-03	2.255295e-02	8.482573e-03	1.407038e-02	-2.793904e-03	-1.610925e-05	-8.571899e-06	3.697938e-17	-8.571899e-06	8.571899e-06
20            	2.748900e-02	1.373191e-02	1.375709e-02	1.762841e-02	2.038633e-03	1.558978e-02	-6.775572e-03	-1.259172e-05	1.963500e-05	3.032916e-17	1.963500e-05	-1.963500e-05
21            	4.854931e-02	2.426260e-02	2.428671e-02	1.687993e-02	-1.111091e-03	1.799102e-02	-9.551056e-03	-1.205709e-05	3.467808e-05	2.273230e-17	3.467808e-05	-3.467808e-05
22            	4.144631e-02	2.070759e-02	2.073872e-02	2.178939e-02	1.352575e-03	2.043681e-02	-9.542119e-03	-1.556385e-05	2.960451e-05	1.910351e-17	2.960451e-05	-2.960451e-05
23            	1.702331e-02	8.489698e-03	8.533611e-03	3.073896e-02	8.372629e-03	2.236633e-02	-6.996849e-03	-2.195640e-05	1.215951e-05	2.093032e-17	1.215951e-05	-1.215951e-05
24            	-5.214463e-03	-2.634443e-03	-2.580020e-03	3.809593e-02	1.519527e-02	2.290065e-02	-3.852690e-03	-2.721138e-05	-3.724616e-06	2.572725e-17	-3.724616e-06	3.724616e-06
25            	-7.807427e-03	-3.928409e-03	-3.879018e-03	3.457334e-02	1.552270e-02	1.905064e-02	-1.763969e-03	-2.469524e-05	-5.576733e-06	2.888137e-17	-5.576733e-06	5.576733e-06
26            	4.327067e-03	2.145704e-03	2.181364e-03	2.496204e-02	1.100492e-02	1.395712e-02	-1.476099e-03	-1.783003e-05	3.090762e-06	2.947146e-17	3.090762e-06	-3.090762e-06
27            	1.968609e-02	9.832808e-03	9.853286e-03	1.433408e-02	4.582899e-03	9.751176e-03	-2.584139e-03	-1.023863e-05	1.406150e-05	2.807948e-17	1.406150e-05	-1.406150e-05
28            	2.642997e-02	1.320786e-02	1.322211e-02	9.973532e-03	9.725405e-04	9.000992e-03	-4.014226e-03	-7.123952e-06	1.887855e-05	2.643866e-17	1.887855e-05	-1.887855e-05
29            	2.310194e-02	1.154233e-02	1.155961e-02	1.209416e-02	1.059746e-03	1.103441e-02	-4.987332e-03	-8.638683e-06	1.650139e-05	2.545596e-17	1.650139e-05	-1.650139e-05
30            	1.452684e-02	7.249496e-03	7.277339e-03	1.949016e-02	4.585013e-03	1.490515e-02	-5.160069e-03	-1.392155e-05	1.037631e-05	2.526002e-17	1.037631e-05	-1.037631e-05
31            	7.365749e-03	3.663255e-03	3.702494e-03	2.746758e-02	9.025919e-03	1.844166e-02	-4.707872e-03	-1.961970e-05	5.261249e-06	2.550772e-17	5.261249e-06	-5.261249e-06
32            	6.274430e-03	3.115274e-03	3.159156e-03	3.071752e-02	1.134865e-02	1.936887e-02	-4.010113e-03	-2.194108e-05	4.481735e-06	2.568460e-17	4.481735e-06	-4.481735e-06
33            	9.952807e-03	4.955949e-03	4.996858e-03	2.863627e-02	1.090661e-02	1.772967e-02	-3.411531e-03	-2.045448e-05	7.109148e-06	2.588080e-17	7.109148e-06	-7.109148e-06
34            	1.479805e-02	7.382780e-03	7.415266e-03	2.273983e-02	8.267212e-03	1.447262e-02	-3.102704e-03	-1.624274e-05	1.057003e-05	2.612729e-17	1.057003e-05	-1.057003e-05
35            	1.766692e-02	8.821438e-03	8.845487e-03	1.683448e-02	5.388075e-03	1.144641e-02	-3.029166e-03	-1.202463e-05	1.261923e-05	2.639120e-17	1.261923e-05	-1.261923e-05
36            	1.725065e-02	8.615337e-03	8.635316e-03	1.398531e-02	3.846713e-03	1.013859e-02	-3.145940e-03	-9.989504e-06	1.232190e-05	2.669544e-17	1.232190e-05	-1.232190e-05
37            	1.479027e-02	7.384136e-03	7.406131e-03	1.539621e-02	4.331848e-03	1.106436e-02	-3.366258e-03	-1.099729e-05	1.056448e-05	2.690711e-17	1.056448e-05	-1.056448e-05
38            	1.237060e-02	6.171506e-03	6.199095e-03	1.931172e-02	6.084632e-03	1.322709e-02	-3.571227e-03	-1.379408e-05	8.836144e-06	2.695354e-17	8.836144e-06	-8.836144e-06
39            	1.142426e-02	5.696137e-03	5.728118e-03	2.238712e-02	7.497611e-03	1.488951e-02	-3.695948e-03	-1.599080e-05	8.160182e-06	2.680809e-17	8.160182e-06	-8.160182e-06
40            	1.187678e-02	5.920763e-03	5.956016e-03	2.467746e-02	8.578837e-03	1.609862e-02	-3.759893e-03	-1.762676e-05	8.483413e-06	2.666090e-17	8.483413e-06	-8.483413e-06
41            	1.309715e-02	6.531626e-03	6.565524e-03	2.372854e-02	8.196864e-03	1.553167e-02	-3.667405e-03	-1.694896e-05	9.355107e-06	2.645729e-17	9.355107e-06	-9.355107e-06
42            	1.414986e-02	7.059843e-03	7.090017e-03	2.112152e-02	7.082342e-03	1.403918e-02	-3.478418e-03	-1.508680e-05	1.010704e-05	2.628179e-17	1.010704e-05	-1.010704e-05
43            	1.457915e-02	7.275781e-03	7.303364e-03	1.930773e-02	6.361415e-03	1.294632e-02	-3.292450e-03	-1.379124e-05	1.041368e-05	2.622263e-17	1.041368e-05	-1.041368e-05
44            	1.440118e-02	7.187812e-03	7.213370e-03	1.789078e-02	5.791627e-03	1.209915e-02	-3.153763e-03	-1.277913e-05	1.028656e-05	2.628191e-17	1.028656e-05	-1.028656e-05
45            	1.383700e-02	6.905472e-03	6.931530e-03	1.824039e-02	5.932155e-03	1.230823e-02	-3.188039e-03	-1.302885e-05	9.883572e-06	2.651203e-17	9.883572e-06	-9.883572e-06
46            	1.342220e-02	6.697065e-03	6.725131e-03	1.964609e-02	6.462115e-03	1.318398e-02	-3.360931e-03	-1.403292e-05	9.587283e-06	2.689373e-17	9.587283e-06	-9.587283e-06
47            	1.323551e-02	6.603066e-03	6.632445e-03	2.056530e-02	6.744579e-03	1.382072e-02	-3.538071e-03	-1.468950e-05	9.453937e-06	2.715723e-17	9.453937e-06	-9.453937e-06
48            	1.323460e-02	6.602274e-03	6.632329e-03	2.103791e-02	6.871929e-03	1.416598e-02	-3.647024e-03	-1.502708e-05	9.453288e-06	2.724205e-17	9.453288e-06	-9.453288e-06
49            	1.333958e-02	6.654801e-03	6.684781e-03	2.098591e-02	6.878640e-03	1.410727e-02	-3.614314e-03	-1.498993e-05	9.528273e-06	2.707848e-17	9.528273e-06	-9.528273e-06
50            	1.348718e-02	6.728927e-03	6.758251e-03	2.052666e-02	6.811285e-03	1.371538e-02	-3.452048e-03	-1.466190e-05	9.633699e-06	2.674837e-17	9.633699e-06	-9.633699e-06
51            	1.363751e-02	6.804521e-03	6.832991e-03	1.992959e-02	6.709725e-03	1.321987e-02	-3.255070e-03	-1.423542e-05	9.741080e-06	2.646136e-17	9.741080e-06	-9.741080e-06
52            	1.374649e-02	6.859360e-03	6.887129e-03	1.943824e-02	6.584173e-03	1.285407e-02	-3.134948e-03	-1.388446e-05	9.818920e-06	2.634625e-17	9.818920e-06	-9.818920e-06
53            	1.379565e-02	6.884149e-03	6.911503e-03	1.914799e-02	6.431788e-03	1.271620e-02	-3.142207e-03	-1.367714e-05	9.854037e-06	2.643294e-17	9.854037e-06	-9.854037e-06
54            	1.377274e-02	6.872757e-03	6.899985e-03	1.905989e-02	6.248787e-03	1.281110e-02	-3.281156e-03	-1.361420e-05	9.837673e-06	2.667260e-17	9.837673e-06	-9.837673e-06
55            	1.367200e-02	6.822226e-03	6.849771e-03	1.928133e-02	6.165719e-03	1.311561e-02	-3.474945e-03	-1.377238e-05	9.765712e-06	2.694518e-17	9.765712e-06	-9.765712e-06
56            	1.354050e-02	6.756158e-03	6.784341e-03	1.972814e-02	6.237447e-03	1.349069e-02	-3.626624e-03	-1.409153e-05	9.671784e-06	2.713840e-17	9.671784e-06	-9.671784e-06
57            	1.345417e-02	6.712745e-03	6.741428e-03	2.007873e-02	6.378419e-03	1.370031e-02	-3.660944e-03	-1.434195e-05	9.610124e-06	2.713139e-17	9.610124e-06	-9.610124e-06
58            	1.345089e-02	6.710880e-03	6.740009e-03	2.039010e-02	6.603003e-03	1.378709e-02	-3.592045e-03	-1.456435e-05	9.607778e-06	2.698232e-17	9.607778e-06	-9.607778e-06
59            	1.353345e-02	6.752138e-03	6.781309e-03	2.041989e-02	6.745881e-03	1.367401e-02	-3.464063e-03	-1.458563e-05	9.666748e-06	2.677505e-17	9.666748e-06	-9.666748e-06
60            	1.364610e-02	6.808672e-03	6.837425e-03	2.012673e-02	6.716871e-03	1.340986e-02	-3.346496e-03	-1.437624e-05	9.747212e-06	2.661208e-17	9.747212e-06	-9.747212e-06
61            	1.371723e-02	6.844594e-03	6.872638e-03	1.963052e-02	6.523301e-03	1.310722e-02	-3.291960e-03	-1.402180e-05	9.798023e-06	2.656776e-17	9.798023e-06	-9.798023e-06
62            	1.371295e-02	6.842659e-03	6.870287e-03	1.933987e-02	6.358180e-03	1.298169e-02	-3.311754e-03	-1.381419e-05	9.794961e-06	2.663699e-17	9.794961e-06	-9.794961e-06
63            	1.364537e-02	6.809123e-03	6.836248e-03	1.898717e-02	6.103665e-03	1.288350e-02	-3.389920e-03	-1.356226e-05	9.746693e-06	2.678658e-17	9.746693e-06	-9.746693e-06
64            	1.357373e-02	6.773271e-03	6.800459e-03	1.903175e-02	6.039548e-03	1.299220e-02	-3.476328e-03	-1.359411e-05	9.695522e-06	2.691302e-17	9.695522e-06	-9.695522e-06
65            	1.354369e-02	6.758018e-03	6.785675e-03	1.936029e-02	6.142124e-03	1.321817e-02	-3.538023e-03	-1.382878e-05	9.674067e-06	2.695812e-17	9.674067e-06	-9.674067e-06
66            	1.356480e-02	6.768278e-03	6.796520e-03	1.976931e-02	6.323080e-03	1.344623e-02	-3.561576e-03	-1.412094e-05	9.689142e-06	2.692477e-17	9.689142e-06	-9.689142e-06
67            	1.361257e-02	6.792018e-03	6.820552e-03	1.997376e-02	6.433290e-03	1.354047e-02	-3.553588e-03	-1.426697e-05	9.723264e-06	2.685029e-17	9.723264e-06	-9.723264e-06
68            	1.364535e-02	6.808445e-03	6.836905e-03	1.992180e-02	6.430517e-03	1.349128e-02	-3.530382e-03	-1.422986e-05	9.746678e-06	2.679502e-17	9.746678e-06	-9.746678e-06
69            	1.366126e-02	6.816510e-03	6.844751e-03	1.976841e-02	6.376882e-03	1.339153e-02	-3.507323e-03	-1.412029e-05	9.758043e-06	2.676178e-17	9.758043e-06	-9.758043e-06
70            	1.365509e-02	6.813580e-03	6.841512e-03	1.955276e-02	6.282196e-03	1.327057e-02	-3.494186e-03	-1.396626e-05	9.753637e-06	2.675478e-17	9.753637e-06	-9.753637e-06
71            	1.362926e-02	6.800804e-03	6.828458e-03	1.935782e-02	6.184832e-03	1.317299e-02	-3.494078e-03	-1.382701e-05	9.735187e-06	2.677464e-17	9.735187e-06	-9.735187e-06
72            	1.360066e-02	6.786575e-03	6.814087e-03	1.925802e-02	6.126075e-03	1.313194e-02	-3.502934e-03	-1.375573e-05	9.714759e-06	2.680995e-17	9.714759e-06	-9.714759e-06
73            	1.359254e-02	6.782487e-03	6.810057e-03	1.929903e-02	6.133352e-03	1.316567e-02	-3.516161e-03	-1.378502e-05	9.708959e-06	2.682872e-17	9.708959e-06	-9.708959e-06
74            	1.360932e-02	6.790785e-03	6.818534e-03	1.942416e-02	6.184217e-03	1.323994e-02	-3.527862e-03	-1.387440e-05	9.720943e-06	2.682785e-17	9.720943e-06	-9.720943e-06
75            	1.362646e-02	6.799317e-03	6.827144e-03	1.947918e-02	6.202226e-03	1.327696e-02	-3.537365e-03	-1.391370e-05	9.733187e-06	2.681767e-17	9.733187e-06	-9.733187e-06
76            	1.363909e-02	6.805640e-03	6.833451e-03	1.946747e-02	6.188764e-03	1.327870e-02	-3.544970e-03	-1.390533e-05	9.742208e-06	2.680162e-17	9.742208e-06	-9.742208e-06
77            	1.364278e-02	6.807518e-03	6.835266e-03	1.942327e-02	6.160788e-03	1.326248e-02	-3.550848e-03	-1.387377e-05	9.744846e-06	2.679202e-17	9.744846e-06	-9.744846e-06
78            	1.363890e-02	6.805613e-03	6.833290e-03	1.937428e-02	6.130084e-03	1.324419e-02	-3.557054e-03	-1.383877e-05	9.742074e-06	2.678915e-17	9.742074e-06	-9.742074e-06
79            	1.362959e-02	6.800978e-03	6.828616e-03	1.934631e-02	6.109465e-03	1.323685e-02	-3.563691e-03	-1.381879e-05	9.735424e-06	2.679601e-17	9.735424e-06	-9.735424e-06
80            	1.362346e-02	6.797906e-03	6.825553e-03	1.935277e-02	6.107496e-03	1.324528e-02	-3.568890e-03	-1.382341e-05	9.731043e-06	2.680446e-17	9.731043e-06	-9.731043e-06
81            	1.362246e-02	6.797394e-03	6.825070e-03	1.937279e-02	6.114208e-03	1.325858e-02	-3.572188e-03	-1.383771e-05	9.730331e-06	2.680903e-17	9.730331e-06	-9.730331e-06
82            	1.362578e-02	6.799049e-03	6.826734e-03	1.937966e-02	6.116369e-03	1.326329e-02	-3.573460e-03	-1.384261e-05	9.732702e-06	2.680624e-17	9.732702e-06	-9.732702e-06
83            	1.363174e-02	6.802037e-03	6.829700e-03	1.936433e-02	6.108454e-03	1.325588e-02	-3.573711e-03	-1.383166e-05	9.736955e-06	2.679835e-17	9.736955e-06	-9.736955e-06
84            	1.363723e-02	6.804808e-03	6.832426e-03	1.933302e-02	6.092763e-03	1.324025e-02	-3.573745e-03	-1.380930e-05	9.740882e-06	2.678767e-17	9.740882e-06	-9.740882e-06
85            	1.364011e-02	6.806266e-03	6.833844e-03	1.930475e-02	6.078201e-03	1.322655e-02	-3.574175e-03	-1.378911e-05	9.742936e-06	2.678103e-17	9.742936e-06	-9.742936e-06
86            	1.364017e-02	6.806312e-03	6.833860e-03	1.928393e-02	6.066286e-03	1.321764e-02	-3.575679e-03	-1.377424e-05	9.742980e-06	2.677893e-17	9.742980e-06	-9.742980e-06
87            	1.363796e-02	6.805216e-03	6.832745e-03	1.927037e-02	6.056292e-03	1.321408e-02	-3.578892e-03	-1.376455e-05	9.741400e-06	2.678142e-17	9.741400e-06	-9.741400e-06
88            	1.363494e-02	6.803710e-03	6.831234e-03	1.926624e-02	6.050134e-03	1.321611e-02	-3.582987e-03	-1.376160e-05	9.739246e-06	2.678521e-17	9.739246e-06	-9.739246e-06
89            	1.363280e-02	6.802641e-03	6.830160e-03	1.926364e-02	6.044152e-03	1.321949e-02	-3.587670e-03	-1.375975e-05	9.737715e-06	2.678913e-17	9.737715e-06	-9.737715e-06
90            	1.363291e-02	6.802700e-03	6.830213e-03	1.925942e-02	6.038341e-03	1.322108e-02	-3.591368e-03	-1.375673e-05	9.737795e-06	2.679044e-17	9.737795e-06	-9.737795e-06
91            	1.363526e-02	6.803878e-03	6.831383e-03	1.925356e-02	6.033721e-03	1.321984e-02	-3.593058e-03	-1.375254e-05	9.739472e-06	2.678789e-17	9.739472e-06	-9.739472e-06
92            	1.363844e-02	6.805474e-03	6.832970e-03	1.924689e-02	6.030328e-03	1.321656e-02	-3.593118e-03	-1.374778e-05	9.741746e-06	2.678268e-17	9.741746e-06	-9.741746e-06
93            	1.364079e-02	6.806655e-03	6.834139e-03	1.923901e-02	6.026844e-03	1.321217e-02	-3.592664e-03	-1.374215e-05	9.743425e-06	2.677734e-17	9.743425e-06	-9.743425e-06
94            	1.364162e-02	6.807076e-03	6.834544e-03	1.922794e-02	6.021061e-03	1.320688e-02	-3.592911e-03	-1.373425e-05	9.744014e-06	2.677411e-17	9.744014e-06	-9.744014e-06
95            	1.364048e-02	6.806514e-03	6.833964e-03	1.921513e-02	6.013294e-03	1.320183e-02	-3.594270e-03	-1.372509e-05	9.743199e-06	2.677373e-17	9.743199e-06	-9.743199e-06
96            	1.363879e-02	6.805679e-03	6.833111e-03	1.920240e-02	6.004903e-03	1.319750e-02	-3.596297e-03	-1.371600e-05	9.741993e-06	2.677502e-17	9.741993e-06	-9.741993e-06
97            	1.363791e-02	6.805247e-03	6.832665e-03	1.919235e-02	5.997906e-03	1.319444e-02	-3.598267e-03	-1.370882e-05	9.741366e-06	2.677639e-17	9.741366e-06	-9.741366e-06
98            	1.363850e-02	6.805547e-03	6.832956e-03	1.918621e-02	5.993540e-03	1.319267e-02	-3.599565e-03	-1.370444e-05	9.741788e-06	2.677644e-17	9.741788e-06	-9.741788e-06
99            	1.364016e-02	6.806379e-03	6.833783e-03	1.918251e-02	5.991175e-03	1.319133e-02	-3.600080e-03	-1.370179e-05	9.742973e-06	2.677470e-17	9.742973e-06	-9.742973e-06
100           	1.364173e-02	6.807167e-03	6.834565e-03	1.917812e-02	5.988856e-03	1.318926e-02	-3.600203e-03	-1.369865e-05	9.744094e-06	2.677197e-17	9.744094e-06	-9.744094e-06
101           	1.364235e-02	6.807482e-03	6.834869e-03	1.917095e-02	5.985038e-03	1.318592e-02	-3.600439e-03	-1.369354e-05	9.744537e-06	2.676941e-17	9.744537e-06	-9.744537e-06
102           	1.364208e-02	6.807352e-03	6.834725e-03	1.916134e-02	5.979566e-03	1.318178e-02	-3.601106e-03	-1.368667e-05	9.744341e-06	2.676763e-17	9.744341e-06	-9.744341e-06
103           	1.364149e-02	6.807068e-03	6.834427e-03	1.915114e-02	5.973305e-03	1.317783e-02	-3.602263e-03	-1.367938e-05	9.743925e-06	2.676676e-17	9.743925e-06	-9.743925e-06
104           	1.364121e-02	6.806933e-03	6.834280e-03	1.914257e-02	5.967614e-03	1.317495e-02	-3.603670e-03	-1.367326e-05	9.743724e-06	2.676660e-17	9.743724e-06	-9.743724e-06
105           	1.364154e-02	6.807103e-03	6.834441e-03	1.913698e-02	5.963578e-03	1.317340e-02	-3.604912e-03	-1.366927e-05	9.743960e-06	2.676671e-17	9.743960e-06	-9.743960e-06
106           	1.364239e-02	6.807529e-03	6.834863e-03	1.913376e-02	5.961210e-03	1.317255e-02	-3.605670e-03	-1.366697e-05	9.744566e-06	2.676655e-17	9.744566e-06	-9.744566e-06
107           	1.364329e-02	6.807978e-03	6.835307e-03	1.913071e-02	5.959370e-03	1.317134e-02	-3.605986e-03	-1.366479e-05	9.745204e-06	2.676570e-17	9.745204e-06	-9.745204e-06
108           	1.364369e-02	6.808184e-03	6.835506e-03	1.912584e-02	5.956724e-03	1.316911e-02	-3.606194e-03	-1.366131e-05	9.745493e-06	2.676419e-17	9.745493e-06	-9.745493e-06
109           	1.364352e-02	6.808102e-03	6.835415e-03	1.911887e-02	5.952819e-03	1.316605e-02	-3.606615e-03	-1.365633e-05	9.745369e-06	2.676243e-17	9.745369e-06	-9.745369e-06
110           	1.364315e-02	6.807923e-03	6.835225e-03	1.911124e-02	5.948262e-03	1.316298e-02	-3.607358e-03	-1.365089e-05	9.745105e-06	2.676093e-17	9.745105e-06	-9.745105e-06
111           	1.364309e-02	6.807896e-03	6.835189e-03	1.910465e-02	5.944019e-03	1.316063e-02	-3.608306e-03	-1.364618e-05	9.745061e-06	2.676000e-17	9.745061e-06	-9.745061e-06
112           	1.364366e-02	6.808188e-03	6.835476e-03	1.910165e-02	5.941707e-03	1.315994e-02	-3.609118e-03	-1.364404e-05	9.745474e-06	2.675938e-17	9.745474e-06	-9.745474e-06
113           	1.364455e-02	6.808634e-03	6.835920e-03	1.910015e-02	5.940390e-03	1.315976e-02	-3.609683e-03	-1.364296e-05	9.746110e-06	2.675901e-17	9.746110e-06	-9.746110e-06
114           	1.364518e-02	6.808947e-03	6.836229e-03	1.909770e-02	5.938824e-03	1.315888e-02	-3.610027e-03	-1.364122e-05	9.746554e-06	2.675856e-17	9.746554e-06	-9.746554e-06
115           	1.364534e-02	6.809034e-03	6.836310e-03	1.909344e-02	5.936336e-03	1.315710e-02	-3.610384e-03	-1.363817e-05	9.746674e-06	2.675817e-17	9.746674e-06	-9.746674e-06
116           	1.364500e-02	6.808864e-03	6.836132e-03	1.908774e-02	5.932984e-03	1.315476e-02	-3.610886e-03	-1.363410e-05	9.746426e-06	2.675757e-17	9.746426e-06	-9.746426e-06
117           	1.364447e-02	6.808606e-03	6.835866e-03	1.908203e-02	5.929462e-03	1.315257e-02	-3.611552e-03	-1.363002e-05	9.746051e-06	2.675677e-17	9.746051e-06	-9.746051e-06
118           	1.364421e-02	6.808476e-03	6.835730e-03	1.907758e-02	5.926507e-03	1.315108e-02	-3.612284e-03	-1.362684e-05	9.745861e-06	2.675600e-17	9.745861e-06	-9.745861e-06
119           	1.364449e-02	6.808620e-03	6.835869e-03	1.907468e-02	5.924393e-03	1.315028e-02	-3.612946e-03	-1.362477e-05	9.746064e-06	2.675562e-17	9.746064e-06	-9.746064e-06
120           	1.364493e-02	6.808844e-03	6.836090e-03	1.907245e-02	5.922733e-03	1.314972e-02	-3.613491e-03	-1.362318e-05	9.746381e-06	2.675544e-17	9.746381e-06	-9.746381e-06
121           	1.364522e-02	6.808989e-03	6.836232e-03	1.907003e-02	5.921073e-03	1.314895e-02	-3.613941e-03	-1.362145e-05	9.746586e-06	2.675538e-17	9.746586e-06	-9.746586e-06
122           	1.364518e-02	6.808970e-03	6.836209e-03	1.906697e-02	5.919122e-03	1.314785e-02	-3.614364e-03	-1.361927e-05	9.746556e-06	2.675536e-17	9.746556e-06	-9.746556e-06
123           	1.364485e-02	6.808807e-03	6.836041e-03	1.906343e-02	5.916893e-03	1.314654e-02	-3.614824e-03	-1.361674e-05	9.746320e-06	2.675534e-17	9.746320e-06	-9.746320e-06
124           	1.364444e-02	6.808605e-03	6.835833e-03	1.905986e-02	5.914583e-03	1.314527e-02	-3.615346e-03	-1.361418e-05	9.746028e-06	2.675526e-17	9.746028e-06	-9.746028e-06
125           	1.364416e-02	6.808466e-03	6.835689e-03	1.905664e-02	5.912410e-03	1.314423e-02	-3.615910e-03	-1.361189e-05	9.745825e-06	2.675519e-17	9.745825e-06	-9.745825e-06
126           	1.364406e-02	6.808419e-03	6.835639e-03	1.905398e-02	5.910516e-03	1.314347e-02	-3.616475e-03	-1.360999e-05	9.745755e-06	2.675518e-17	9.745755e-06	-9.745755e-06
127           	1.364406e-02	6.808424e-03	6.835641e-03	1.905183e-02	5.908922e-03	1.314291e-02	-3.616994e-03	-1.360845e-05	9.745761e-06	2.675527e-17	9.745761e-06	-9.745761e-06
128           	1.364404e-02	6.808415e-03	6.835629e-03	1.904993e-02	5.907522e-03	1.314240e-02	-3.617441e-03	-1.360709e-05	9.745745e-06	2.675547e-17	9.745745e-06	-9.745745e-06
129           	1.364378e-02	6.808283e-03	6.835493e-03	1.904685e-02	5.905526e-03	1.314133e-02	-3.617901e-03	-1.360490e-05	9.745554e-06	2.675589e-17	9.745554e-06	-9.745554e-06
130           	1.364338e-02	6.808087e-03	6.835292e-03	1.904357e-02	5.903430e-03	1.314014e-02	-3.618353e-03	-1.360255e-05	9.745271e-06	2.675634e-17	9.745271e-06	-9.745271e-06
131           	1.364298e-02	6.807887e-03	6.835089e-03	1.904141e-02	5.901922e-03	1.313949e-02	-3.618783e-03	-1.360101e-05	9.744983e-06	2.675639e-17	9.744983e-06	-9.744983e-06
132           	1.364268e-02	6.807741e-03	6.834940e-03	1.903944e-02	5.900495e-03	1.313895e-02	-3.619227e-03	-1.359960e-05	9.744772e-06	2.675641e-17	9.744772e-06	-9.744772e-06
133           	1.364255e-02	6.807679e-03	6.834875e-03	1.903751e-02	5.899084e-03	1.313842e-02	-3.619670e-03	-1.359822e-05	9.744681e-06	2.675650e-17	9.744681e-06	-9.744681e-06
134           	1.364254e-02	6.807671e-03	6.834865e-03	1.903568e-02	5.897750e-03	1.313793e-02	-3.620088e-03	-1.359691e-05	9.744668e-06	2.675672e-17	9.744668e-06	-9.744668e-06
135           	1.364251e-02	6.807657e-03	6.834849e-03	1.903400e-02	5.896531e-03	1.313747e-02	-3.620469e-03	-1.359571e-05	9.744647e-06	2.675704e-17	9.744647e-06	-9.744647e-06
136           	1.364238e-02	6.807594e-03	6.834784e-03	1.903245e-02	5.895408e-03	1.313704e-02	-3.620816e-03	-1.359461e-05	9.744556e-06	2.675743e-17	9.744556e-06	-9.744556e-06
137           	1.364214e-02	6.807479e-03	6.834666e-03	1.903090e-02	5.894316e-03	1.313658e-02	-3.621134e-03	-1.359350e-05	9.744389e-06	2.675784e-17	9.744389e-06	-9.744389e-06
138           	1.364187e-02	6.807341e-03	6.834525e-03	1.902923e-02	5.893189e-03	1.313604e-02	-3.621427e-03	-1.359231e-05	9.744190e-06	2.675818e-17	9.744190e-06	-9.744190e-06
139           	1.364162e-02	6.807219e-03	6.834401e-03	1.902745e-02	5.892024e-03	1.313543e-02	-3.621702e-03	-1.359104e-05	9.744015e-06	2.675843e-17	9.744015e-06	-9.744015e-06
140           	1.364146e-02	6.807138e-03	6.834318e-03	1.902567e-02	5.890862e-03	1.313481e-02	-3.621972e-03	-1.358976e-05	9.743897e-06	2.675860e-17	9.743897e-06	-9.743897e-06
141           	1.364140e-02	6.807110e-03	6.834288e-03	1.902440e-02	5.890009e-03	1.313439e-02	-3.622190e-03	-1.358886e-05	9.743855e-06	2.675871e-17	9.743855e-06	-9.743855e-06
142           	1.364138e-02	6.807104e-03	6.834279e-03	1.902249e-02	5.888719e-03	1.313377e-02	-3.622523e-03	-1.358749e-05	9.743845e-06	2.675886e-17	9.743845e-06	-9.743845e-06
143           	1.364138e-02	6.807102e-03	6.834275e-03	1.902123e-02	5.887844e-03	1.313338e-02	-3.622769e-03	-1.358659e-05	9.743840e-06	2.675898e-17	9.743840e-06	-9.743840e-06
144           	1.364133e-02	6.807082e-03	6.834252e-03	1.901959e-02	5.886731e-03	1.313286e-02	-3.623063e-03	-1.358542e-05	9.743810e-06	2.675920e-17	9.743810e-06	-9.743810e-06
145           	1.364121e-02	6.807022e-03	6.834191e-03	1.901824e-02	5.885831e-03	1.313241e-02	-3.623290e-03	-1.358446e-05	9.743724e-06	2.675945e-17	9.743724e-06	-9.743724e-06
146           	1.364103e-02	6.806930e-03	6.834097e-03	1.901712e-02	5.885098e-03	1.313202e-02	-3.623462e-03	-1.358366e-05	9.743591e-06	2.675969e-17	9.743591e-06	-9.743591e-06
147           	1.364084e-02	6.806835e-03	6.834001e-03	1.901606e-02	5.884414e-03	1.313165e-02	-3.623617e-03	-1.358290e-05	9.743455e-06	2.675990e-17	9.743455e-06	-9.743455e-06
148           	1.364072e-02	6.806779e-03	6.833944e-03	1.901514e-02	5.883813e-03	1.313133e-02	-3.623758e-03	-1.358224e-05	9.743374e-06	2.676001e-17	9.743374e-06	-9.743374e-06
149           	1.364067e-02	6.806755e-03	6.833918e-03	1.901399e-02	5.883061e-03	1.313093e-02	-3.623935e-03	-1.358142e-05	9.743338e-06	2.676009e-17	9.743338e-06	-9.743338e-06
150           	1.364068e-02	6.806762e-03	6.833923e-03	1.901270e-02	5.882217e-03	1.313048e-02	-3.624132e-03	-1.358050e-05	9.743346e-06	2.676014e-17	9.743346e-06	-9.743346e-06
151           	1.364074e-02	6.806792e-03	6.833951e-03	1.901105e-02	5.881174e-03	1.312987e-02	-3.624349e-03	-1.357932e-05	9.743388e-06	2.676019e-17	9.743388e-06	-9.743388e-06
152           	1.364075e-02	6.806798e-03	6.833955e-03	1.901031e-02	5.880700e-03	1.312961e-02	-3.624454e-03	-1.357879e-05	9.743395e-06	2.676024e-17	9.743395e-06	-9.743395e-06
153           	1.364069e-02	6.806768e-03	6.833924e-03	1.900922e-02	5.880016e-03	1.312920e-02	-3.624595e-03	-1.357801e-05	9.743351e-06	2.676036e-17	9.743351e-06	-9.743351e-06
154           	1.364059e-02	6.806718e-03	6.833873e-03	1.900831e-02	5.879442e-03	1.312887e-02	-3.624714e-03	-1.357737e-05	9.743280e-06	2.676048e-17	9.743280e-06	-9.743280e-06
155           	1.364048e-02	6.806664e-03	6.833817e-03	1.900747e-02	5.878918e-03	1.312856e-02	-3.624819e-03	-1.357677e-05	9.743201e-06	2.676060e-17	9.743201e-06	-9.743201e-06
156           	1.364039e-02	6.806621e-03	6.833773e-03	1.900664e-02	5.878395e-03	1.312824e-02	-3.624923e-03	-1.357617e-05	9.743138e-06	2.676070e-17	9.743138e-06	-9.743138e-06
157           	1.364035e-02	6.806599e-03	6.833750e-03	1.900576e-02	5.877847e-03	1.312792e-02	-3.625036e-03	-1.357555e-05	9.743106e-06	2.676077e-17	9.743106e-06	-9.743106e-06
158           	1.364034e-02	6.806596e-03	6.833746e-03	1.900511e-02	5.877423e-03	1.312768e-02	-3.625131e-03	-1.357508e-05	9.743102e-06	2.676079e-17	9.743102e-06	-9.743102e-06
159           	1.364036e-02	6.806607e-03	6.833756e-03	1.900397e-02	5.876706e-03	1.312726e-02	-3.625279e-03	-1.357426e-05	9.743117e-06	2.676082e-17	9.743117e-06	-9.743117e-06
160           	1.364037e-02	6.806613e-03	6.833760e-03	1.900295e-02	5.876067e-03	1.312688e-02	-3.625407e-03	-1.357353e-05	9.743124e-06	2.676084e-17	9.743124e-06	-9.743124e-06
161           	1.364036e-02	6.806607e-03	6.833753e-03	1.900237e-02	5.875700e-03	1.312667e-02	-3.625483e-03	-1.357312e-05	9.743114e-06	2.676086e-17	9.743114e-06	-9.743114e-06
162           	1.364032e-02	6.806587e-03	6.833732e-03	1.900160e-02	5.875236e-03	1.312636e-02	-3.625563e-03	-1.357257e-05	9.743085e-06	2.676091e-17	9.743085e-06	-9.743085e-06
163           	1.364027e-02	6.806560e-03	6.833705e-03	1.900094e-02	5.874834e-03	1.312610e-02	-3.625635e-03	-1.357210e-05	9.743047e-06	2.676097e-17	9.743047e-06	-9.743047e-06
164           	1.364022e-02	6.806536e-03	6.833679e-03	1.900033e-02	5.874454e-03	1.312587e-02	-3.625710e-03	-1.357166e-05	9.743011e-06	2.676102e-17	9.743011e-06	-9.743011e-06
165           	1.364018e-02	6.806519e-03	6.833661e-03	1.899971e-02	5.874058e-03	1.312565e-02	-3.625795e-03	-1.357122e-05	9.742986e-06	2.676106e-17	9.742986e-06	-9.742986e-06
166           	1.364016e-02	6.806511e-03	6.833653e-03	1.899904e-02	5.873632e-03	1.312541e-02	-3.625890e-03	-1.357075e-05	9.742974e-06	2.676108e-17	9.742974e-06	-9.742974e-06
167           	1.364016e-02	6.806512e-03	6.833652e-03	1.899835e-02	5.873191e-03	1.312516e-02	-3.625984e-03	-1.357025e-05	9.742974e-06	2.676108e-17	9.742974e-06	-9.742974e-06
168           	1.364017e-02	6.806514e-03	6.833654e-03	1.899769e-02	5.872773e-03	1.312492e-02	-3.626071e-03	-1.356978e-05	9.742977e-06	2.676107e-17	9.742977e-06	-9.742977e-06
169           	1.364017e-02	6.806514e-03	6.833653e-03	1.899711e-02	5.872409e-03	1.312470e-02	-3.626146e-03	-1.356936e-05	9.742977e-06	2.676107e-17	9.742977e-06	-9.742977e-06
170           	1.364016e-02	6.806509e-03	6.833647e-03	1.899660e-02	5.872086e-03	1.312451e-02	-3.626213e-03	-1.356900e-05	9.742968e-06	2.676107e-17	9.742968e-06	-9.742968e-06
171           	1.364014e-02	6.806499e-03	6.833636e-03	1.899610e-02	5.871771e-03	1.312433e-02	-3.626280e-03	-1.356864e-05	9.742954e-06	2.676108e-17	9.742954e-06	-9.742954e-06
172           	1.364011e-02	6.806487e-03	6.833624e-03	1.899558e-02	5.871438e-03	1.312414e-02	-3.626351e-03	-1.356827e-05	9.742936e-06	2.676110e-17	9.742936e-06	-9.742936e-06
173           	1.364009e-02	6.806477e-03	6.833613e-03	1.899503e-02	5.871084e-03	1.312394e-02	-3.626428e-03	-1.356788e-05	9.742921e-06	2.676112e-17	9.742921e-06	-9.742921e-06
174           	1.364007e-02	6.806470e-03	6.833605e-03	1.899447e-02	5.870728e-03	1.312374e-02	-3.626508e-03	-1.356748e-05	9.742911e-06	2.676113e-17	9.742911e-06	-9.742911e-06
